{"nbformat":4,"nbformat_minor":0,"metadata":{"colab":{"provenance":[],"authorship_tag":"ABX9TyPywxmFRa/l913nGFt5RsFo"},"kernelspec":{"name":"python3","display_name":"Python 3"},"language_info":{"name":"python"}},"cells":[{"cell_type":"code","source":["!pip install category_encoders"],"metadata":{"colab":{"base_uri":"https://localhost:8080/"},"id":"i9NAYnspVxGF","executionInfo":{"status":"ok","timestamp":1678129187506,"user_tz":-60,"elapsed":3652,"user":{"displayName":"Youcef Moualek","userId":"10747212200399101970"}},"outputId":"7efc2ccc-4158-4a76-893d-2e019972a45f"},"execution_count":33,"outputs":[{"output_type":"stream","name":"stdout","text":["Looking in indexes: https://pypi.org/simple, https://us-python.pkg.dev/colab-wheels/public/simple/\n","Requirement already satisfied: category_encoders in /usr/local/lib/python3.8/dist-packages (2.6.0)\n","Requirement already satisfied: pandas>=1.0.5 in /usr/local/lib/python3.8/dist-packages (from category_encoders) (1.3.5)\n","Requirement already satisfied: scikit-learn>=0.20.0 in /usr/local/lib/python3.8/dist-packages (from category_encoders) (1.2.1)\n","Requirement already satisfied: patsy>=0.5.1 in /usr/local/lib/python3.8/dist-packages (from category_encoders) (0.5.3)\n","Requirement already satisfied: scipy>=1.0.0 in /usr/local/lib/python3.8/dist-packages (from category_encoders) (1.10.1)\n","Requirement already satisfied: numpy>=1.14.0 in /usr/local/lib/python3.8/dist-packages (from category_encoders) (1.22.4)\n","Requirement already satisfied: statsmodels>=0.9.0 in /usr/local/lib/python3.8/dist-packages (from category_encoders) (0.13.5)\n","Requirement already satisfied: python-dateutil>=2.7.3 in /usr/local/lib/python3.8/dist-packages (from pandas>=1.0.5->category_encoders) (2.8.2)\n","Requirement already satisfied: pytz>=2017.3 in /usr/local/lib/python3.8/dist-packages (from pandas>=1.0.5->category_encoders) (2022.7.1)\n","Requirement already satisfied: six in /usr/local/lib/python3.8/dist-packages (from patsy>=0.5.1->category_encoders) (1.15.0)\n","Requirement already satisfied: joblib>=1.1.1 in /usr/local/lib/python3.8/dist-packages (from scikit-learn>=0.20.0->category_encoders) (1.2.0)\n","Requirement already satisfied: threadpoolctl>=2.0.0 in /usr/local/lib/python3.8/dist-packages (from scikit-learn>=0.20.0->category_encoders) (3.1.0)\n","Requirement already satisfied: packaging>=21.3 in /usr/local/lib/python3.8/dist-packages (from statsmodels>=0.9.0->category_encoders) (23.0)\n"]}]},{"cell_type":"code","source":["import numpy as np\n","import pandas as pd\n","from sklearn.model_selection import train_test_split\n","from sklearn.ensemble import GradientBoostingClassifier as GBC, RandomForestClassifier as RFC\n","from sklearn.model_selection import cross_val_score\n","from sklearn.model_selection import KFold, StratifiedKFold\n","from sklearn.preprocessing import MinMaxScaler, LabelEncoder, OneHotEncoder\n","from sklearn.metrics import accuracy_score, f1_score, precision_score, recall_score, roc_auc_score, confusion_matrix, auc, roc_curve\n","import category_encoders as ce\n","import plotly\n","from plotly import tools\n","import plotly.graph_objs as go\n","from plotly.subplots import make_subplots\n","from google.colab import drive\n","drive.mount('/content/drive', force_remount=True)"],"metadata":{"colab":{"base_uri":"https://localhost:8080/"},"id":"YRwS_WJ11fqM","executionInfo":{"status":"ok","timestamp":1678122169151,"user_tz":-60,"elapsed":20129,"user":{"displayName":"Youcef Moualek","userId":"10747212200399101970"}},"outputId":"7b1209b4-3723-41c3-b21b-63339d3ceb4f"},"execution_count":null,"outputs":[{"output_type":"stream","name":"stdout","text":["Mounted at /content/drive\n"]}]},{"cell_type":"code","source":["df = pd.read_csv('/content/drive/My Drive/Colab Notebooks/classification/hotel_cancellation/cleaned_hotel_bookings.csv')\n","df"],"metadata":{"colab":{"base_uri":"https://localhost:8080/","height":661},"id":"rdqZHRIt2R6p","executionInfo":{"status":"ok","timestamp":1678125490836,"user_tz":-60,"elapsed":743,"user":{"displayName":"Youcef Moualek","userId":"10747212200399101970"}},"outputId":"ef03b26c-3bb7-423d-b076-e537663c28e4"},"execution_count":null,"outputs":[{"output_type":"execute_result","data":{"text/plain":["               hotel  is_canceled  lead_time  arrival_date_week_number  \\\n","0       Resort Hotel            0        342                        27   \n","1       Resort Hotel            0        737                        27   \n","2       Resort Hotel            0          7                        27   \n","3       Resort Hotel            0         13                        27   \n","4       Resort Hotel            0         14                        27   \n","...              ...          ...        ...                       ...   \n","119201    City Hotel            0         23                        35   \n","119202    City Hotel            0        102                        35   \n","119203    City Hotel            0         34                        35   \n","119204    City Hotel            0        109                        35   \n","119205    City Hotel            0        205                        35   \n","\n","        stays_in_weekend_nights  stays_in_week_nights  adults  children  \\\n","0                             0                     0       2       0.0   \n","1                             0                     0       2       0.0   \n","2                             0                     1       1       0.0   \n","3                             0                     1       1       0.0   \n","4                             0                     2       2       0.0   \n","...                         ...                   ...     ...       ...   \n","119201                        2                     5       2       0.0   \n","119202                        2                     5       3       0.0   \n","119203                        2                     5       2       0.0   \n","119204                        2                     5       2       0.0   \n","119205                        2                     7       2       0.0   \n","\n","        babies meal  ... required_car_parking_spaces  \\\n","0            0   BB  ...                           0   \n","1            0   BB  ...                           0   \n","2            0   BB  ...                           0   \n","3            0   BB  ...                           0   \n","4            0   BB  ...                           0   \n","...        ...  ...  ...                         ...   \n","119201       0   BB  ...                           0   \n","119202       0   BB  ...                           0   \n","119203       0   BB  ...                           0   \n","119204       0   BB  ...                           0   \n","119205       0   HB  ...                           0   \n","\n","       total_of_special_requests  Date_sin_dayofweek  Date_cos_dayofweek  \\\n","0                              0        8.660254e-01                -0.5   \n","1                              0        8.660254e-01                -0.5   \n","2                              0        8.660254e-01                -0.5   \n","3                              0        8.660254e-01                -0.5   \n","4                              1        8.660254e-01                -0.5   \n","...                          ...                 ...                 ...   \n","119201                         0        8.660254e-01                -0.5   \n","119202                         2        1.224647e-16                -1.0   \n","119203                         4        1.224647e-16                -1.0   \n","119204                         0        1.224647e-16                -1.0   \n","119205                         2        8.660254e-01                 0.5   \n","\n","        Date_sin_dayofyear Date_cos_dayofyear  \\\n","0                 0.017166          -0.999853   \n","1                 0.017166          -0.999853   \n","2                 0.017166          -0.999853   \n","3                 0.017166          -0.999853   \n","4                 0.017166          -0.999853   \n","...                    ...                ...   \n","119201           -0.848351          -0.529434   \n","119202           -0.857315          -0.514793   \n","119203           -0.857315          -0.514793   \n","119204           -0.857315          -0.514793   \n","119205           -0.839138          -0.543919   \n","\n","       reservation_status_date_sin_dayofweek  \\\n","0                               8.660254e-01   \n","1                               8.660254e-01   \n","2                               1.224647e-16   \n","3                               1.224647e-16   \n","4                              -8.660254e-01   \n","...                                      ...   \n","119201                          8.660254e-01   \n","119202                          1.224647e-16   \n","119203                          1.224647e-16   \n","119204                          1.224647e-16   \n","119205                          1.224647e-16   \n","\n","       reservation_status_date_cos_dayofweek  \\\n","0                                       -0.5   \n","1                                       -0.5   \n","2                                       -1.0   \n","3                                       -1.0   \n","4                                       -0.5   \n","...                                      ...   \n","119201                                  -0.5   \n","119202                                  -1.0   \n","119203                                  -1.0   \n","119204                                  -1.0   \n","119205                                  -1.0   \n","\n","        reservation_status_date_sin_dayofyear  \\\n","0                                1.716633e-02   \n","1                                1.716633e-02   \n","2                                1.224647e-16   \n","3                                1.224647e-16   \n","4                               -1.716633e-02   \n","...                                       ...   \n","119201                          -9.057023e-01   \n","119202                          -9.128459e-01   \n","119203                          -9.128459e-01   \n","119204                          -9.128459e-01   \n","119205                          -9.128459e-01   \n","\n","        reservation_status_date_cos_dayofyear  \n","0                                   -0.999853  \n","1                                   -0.999853  \n","2                                   -1.000000  \n","3                                   -1.000000  \n","4                                   -0.999853  \n","...                                       ...  \n","119201                              -0.423914  \n","119202                              -0.408304  \n","119203                              -0.408304  \n","119204                              -0.408304  \n","119205                              -0.408304  \n","\n","[119206 rows x 29 columns]"],"text/html":["\n","  <div id=\"df-906d79b5-e94e-4cdb-b08f-b89f58236484\">\n","    <div class=\"colab-df-container\">\n","      <div>\n","<style scoped>\n","    .dataframe tbody tr th:only-of-type {\n","        vertical-align: middle;\n","    }\n","\n","    .dataframe tbody tr th {\n","        vertical-align: top;\n","    }\n","\n","    .dataframe thead th {\n","        text-align: right;\n","    }\n","</style>\n","<table border=\"1\" class=\"dataframe\">\n","  <thead>\n","    <tr style=\"text-align: right;\">\n","      <th></th>\n","      <th>hotel</th>\n","      <th>is_canceled</th>\n","      <th>lead_time</th>\n","      <th>arrival_date_week_number</th>\n","      <th>stays_in_weekend_nights</th>\n","      <th>stays_in_week_nights</th>\n","      <th>adults</th>\n","      <th>children</th>\n","      <th>babies</th>\n","      <th>meal</th>\n","      <th>...</th>\n","      <th>required_car_parking_spaces</th>\n","      <th>total_of_special_requests</th>\n","      <th>Date_sin_dayofweek</th>\n","      <th>Date_cos_dayofweek</th>\n","      <th>Date_sin_dayofyear</th>\n","      <th>Date_cos_dayofyear</th>\n","      <th>reservation_status_date_sin_dayofweek</th>\n","      <th>reservation_status_date_cos_dayofweek</th>\n","      <th>reservation_status_date_sin_dayofyear</th>\n","      <th>reservation_status_date_cos_dayofyear</th>\n","    </tr>\n","  </thead>\n","  <tbody>\n","    <tr>\n","      <th>0</th>\n","      <td>Resort Hotel</td>\n","      <td>0</td>\n","      <td>342</td>\n","      <td>27</td>\n","      <td>0</td>\n","      <td>0</td>\n","      <td>2</td>\n","      <td>0.0</td>\n","      <td>0</td>\n","      <td>BB</td>\n","      <td>...</td>\n","      <td>0</td>\n","      <td>0</td>\n","      <td>8.660254e-01</td>\n","      <td>-0.5</td>\n","      <td>0.017166</td>\n","      <td>-0.999853</td>\n","      <td>8.660254e-01</td>\n","      <td>-0.5</td>\n","      <td>1.716633e-02</td>\n","      <td>-0.999853</td>\n","    </tr>\n","    <tr>\n","      <th>1</th>\n","      <td>Resort Hotel</td>\n","      <td>0</td>\n","      <td>737</td>\n","      <td>27</td>\n","      <td>0</td>\n","      <td>0</td>\n","      <td>2</td>\n","      <td>0.0</td>\n","      <td>0</td>\n","      <td>BB</td>\n","      <td>...</td>\n","      <td>0</td>\n","      <td>0</td>\n","      <td>8.660254e-01</td>\n","      <td>-0.5</td>\n","      <td>0.017166</td>\n","      <td>-0.999853</td>\n","      <td>8.660254e-01</td>\n","      <td>-0.5</td>\n","      <td>1.716633e-02</td>\n","      <td>-0.999853</td>\n","    </tr>\n","    <tr>\n","      <th>2</th>\n","      <td>Resort Hotel</td>\n","      <td>0</td>\n","      <td>7</td>\n","      <td>27</td>\n","      <td>0</td>\n","      <td>1</td>\n","      <td>1</td>\n","      <td>0.0</td>\n","      <td>0</td>\n","      <td>BB</td>\n","      <td>...</td>\n","      <td>0</td>\n","      <td>0</td>\n","      <td>8.660254e-01</td>\n","      <td>-0.5</td>\n","      <td>0.017166</td>\n","      <td>-0.999853</td>\n","      <td>1.224647e-16</td>\n","      <td>-1.0</td>\n","      <td>1.224647e-16</td>\n","      <td>-1.000000</td>\n","    </tr>\n","    <tr>\n","      <th>3</th>\n","      <td>Resort Hotel</td>\n","      <td>0</td>\n","      <td>13</td>\n","      <td>27</td>\n","      <td>0</td>\n","      <td>1</td>\n","      <td>1</td>\n","      <td>0.0</td>\n","      <td>0</td>\n","      <td>BB</td>\n","      <td>...</td>\n","      <td>0</td>\n","      <td>0</td>\n","      <td>8.660254e-01</td>\n","      <td>-0.5</td>\n","      <td>0.017166</td>\n","      <td>-0.999853</td>\n","      <td>1.224647e-16</td>\n","      <td>-1.0</td>\n","      <td>1.224647e-16</td>\n","      <td>-1.000000</td>\n","    </tr>\n","    <tr>\n","      <th>4</th>\n","      <td>Resort Hotel</td>\n","      <td>0</td>\n","      <td>14</td>\n","      <td>27</td>\n","      <td>0</td>\n","      <td>2</td>\n","      <td>2</td>\n","      <td>0.0</td>\n","      <td>0</td>\n","      <td>BB</td>\n","      <td>...</td>\n","      <td>0</td>\n","      <td>1</td>\n","      <td>8.660254e-01</td>\n","      <td>-0.5</td>\n","      <td>0.017166</td>\n","      <td>-0.999853</td>\n","      <td>-8.660254e-01</td>\n","      <td>-0.5</td>\n","      <td>-1.716633e-02</td>\n","      <td>-0.999853</td>\n","    </tr>\n","    <tr>\n","      <th>...</th>\n","      <td>...</td>\n","      <td>...</td>\n","      <td>...</td>\n","      <td>...</td>\n","      <td>...</td>\n","      <td>...</td>\n","      <td>...</td>\n","      <td>...</td>\n","      <td>...</td>\n","      <td>...</td>\n","      <td>...</td>\n","      <td>...</td>\n","      <td>...</td>\n","      <td>...</td>\n","      <td>...</td>\n","      <td>...</td>\n","      <td>...</td>\n","      <td>...</td>\n","      <td>...</td>\n","      <td>...</td>\n","      <td>...</td>\n","    </tr>\n","    <tr>\n","      <th>119201</th>\n","      <td>City Hotel</td>\n","      <td>0</td>\n","      <td>23</td>\n","      <td>35</td>\n","      <td>2</td>\n","      <td>5</td>\n","      <td>2</td>\n","      <td>0.0</td>\n","      <td>0</td>\n","      <td>BB</td>\n","      <td>...</td>\n","      <td>0</td>\n","      <td>0</td>\n","      <td>8.660254e-01</td>\n","      <td>-0.5</td>\n","      <td>-0.848351</td>\n","      <td>-0.529434</td>\n","      <td>8.660254e-01</td>\n","      <td>-0.5</td>\n","      <td>-9.057023e-01</td>\n","      <td>-0.423914</td>\n","    </tr>\n","    <tr>\n","      <th>119202</th>\n","      <td>City Hotel</td>\n","      <td>0</td>\n","      <td>102</td>\n","      <td>35</td>\n","      <td>2</td>\n","      <td>5</td>\n","      <td>3</td>\n","      <td>0.0</td>\n","      <td>0</td>\n","      <td>BB</td>\n","      <td>...</td>\n","      <td>0</td>\n","      <td>2</td>\n","      <td>1.224647e-16</td>\n","      <td>-1.0</td>\n","      <td>-0.857315</td>\n","      <td>-0.514793</td>\n","      <td>1.224647e-16</td>\n","      <td>-1.0</td>\n","      <td>-9.128459e-01</td>\n","      <td>-0.408304</td>\n","    </tr>\n","    <tr>\n","      <th>119203</th>\n","      <td>City Hotel</td>\n","      <td>0</td>\n","      <td>34</td>\n","      <td>35</td>\n","      <td>2</td>\n","      <td>5</td>\n","      <td>2</td>\n","      <td>0.0</td>\n","      <td>0</td>\n","      <td>BB</td>\n","      <td>...</td>\n","      <td>0</td>\n","      <td>4</td>\n","      <td>1.224647e-16</td>\n","      <td>-1.0</td>\n","      <td>-0.857315</td>\n","      <td>-0.514793</td>\n","      <td>1.224647e-16</td>\n","      <td>-1.0</td>\n","      <td>-9.128459e-01</td>\n","      <td>-0.408304</td>\n","    </tr>\n","    <tr>\n","      <th>119204</th>\n","      <td>City Hotel</td>\n","      <td>0</td>\n","      <td>109</td>\n","      <td>35</td>\n","      <td>2</td>\n","      <td>5</td>\n","      <td>2</td>\n","      <td>0.0</td>\n","      <td>0</td>\n","      <td>BB</td>\n","      <td>...</td>\n","      <td>0</td>\n","      <td>0</td>\n","      <td>1.224647e-16</td>\n","      <td>-1.0</td>\n","      <td>-0.857315</td>\n","      <td>-0.514793</td>\n","      <td>1.224647e-16</td>\n","      <td>-1.0</td>\n","      <td>-9.128459e-01</td>\n","      <td>-0.408304</td>\n","    </tr>\n","    <tr>\n","      <th>119205</th>\n","      <td>City Hotel</td>\n","      <td>0</td>\n","      <td>205</td>\n","      <td>35</td>\n","      <td>2</td>\n","      <td>7</td>\n","      <td>2</td>\n","      <td>0.0</td>\n","      <td>0</td>\n","      <td>HB</td>\n","      <td>...</td>\n","      <td>0</td>\n","      <td>2</td>\n","      <td>8.660254e-01</td>\n","      <td>0.5</td>\n","      <td>-0.839138</td>\n","      <td>-0.543919</td>\n","      <td>1.224647e-16</td>\n","      <td>-1.0</td>\n","      <td>-9.128459e-01</td>\n","      <td>-0.408304</td>\n","    </tr>\n","  </tbody>\n","</table>\n","<p>119206 rows × 29 columns</p>\n","</div>\n","      <button class=\"colab-df-convert\" onclick=\"convertToInteractive('df-906d79b5-e94e-4cdb-b08f-b89f58236484')\"\n","              title=\"Convert this dataframe to an interactive table.\"\n","              style=\"display:none;\">\n","        \n","  <svg xmlns=\"http://www.w3.org/2000/svg\" height=\"24px\"viewBox=\"0 0 24 24\"\n","       width=\"24px\">\n","    <path d=\"M0 0h24v24H0V0z\" fill=\"none\"/>\n","    <path d=\"M18.56 5.44l.94 2.06.94-2.06 2.06-.94-2.06-.94-.94-2.06-.94 2.06-2.06.94zm-11 1L8.5 8.5l.94-2.06 2.06-.94-2.06-.94L8.5 2.5l-.94 2.06-2.06.94zm10 10l.94 2.06.94-2.06 2.06-.94-2.06-.94-.94-2.06-.94 2.06-2.06.94z\"/><path d=\"M17.41 7.96l-1.37-1.37c-.4-.4-.92-.59-1.43-.59-.52 0-1.04.2-1.43.59L10.3 9.45l-7.72 7.72c-.78.78-.78 2.05 0 2.83L4 21.41c.39.39.9.59 1.41.59.51 0 1.02-.2 1.41-.59l7.78-7.78 2.81-2.81c.8-.78.8-2.07 0-2.86zM5.41 20L4 18.59l7.72-7.72 1.47 1.35L5.41 20z\"/>\n","  </svg>\n","      </button>\n","      \n","  <style>\n","    .colab-df-container {\n","      display:flex;\n","      flex-wrap:wrap;\n","      gap: 12px;\n","    }\n","\n","    .colab-df-convert {\n","      background-color: #E8F0FE;\n","      border: none;\n","      border-radius: 50%;\n","      cursor: pointer;\n","      display: none;\n","      fill: #1967D2;\n","      height: 32px;\n","      padding: 0 0 0 0;\n","      width: 32px;\n","    }\n","\n","    .colab-df-convert:hover {\n","      background-color: #E2EBFA;\n","      box-shadow: 0px 1px 2px rgba(60, 64, 67, 0.3), 0px 1px 3px 1px rgba(60, 64, 67, 0.15);\n","      fill: #174EA6;\n","    }\n","\n","    [theme=dark] .colab-df-convert {\n","      background-color: #3B4455;\n","      fill: #D2E3FC;\n","    }\n","\n","    [theme=dark] .colab-df-convert:hover {\n","      background-color: #434B5C;\n","      box-shadow: 0px 1px 3px 1px rgba(0, 0, 0, 0.15);\n","      filter: drop-shadow(0px 1px 2px rgba(0, 0, 0, 0.3));\n","      fill: #FFFFFF;\n","    }\n","  </style>\n","\n","      <script>\n","        const buttonEl =\n","          document.querySelector('#df-906d79b5-e94e-4cdb-b08f-b89f58236484 button.colab-df-convert');\n","        buttonEl.style.display =\n","          google.colab.kernel.accessAllowed ? 'block' : 'none';\n","\n","        async function convertToInteractive(key) {\n","          const element = document.querySelector('#df-906d79b5-e94e-4cdb-b08f-b89f58236484');\n","          const dataTable =\n","            await google.colab.kernel.invokeFunction('convertToInteractive',\n","                                                     [key], {});\n","          if (!dataTable) return;\n","\n","          const docLinkHtml = 'Like what you see? Visit the ' +\n","            '<a target=\"_blank\" href=https://colab.research.google.com/notebooks/data_table.ipynb>data table notebook</a>'\n","            + ' to learn more about interactive tables.';\n","          element.innerHTML = '';\n","          dataTable['output_type'] = 'display_data';\n","          await google.colab.output.renderOutput(dataTable, element);\n","          const docLink = document.createElement('div');\n","          docLink.innerHTML = docLinkHtml;\n","          element.appendChild(docLink);\n","        }\n","      </script>\n","    </div>\n","  </div>\n","  "]},"metadata":{},"execution_count":14}]},{"cell_type":"code","source":["out_column = 'is_canceled'\n","to_remove = []\n","features = [c for c in df.columns if (c != out_column) and (c not in to_remove)]\n","categorical = [c for c in features if (df[c].dtype=='object') and (df[c].nunique() > 2)]\n","binary = [c for c in features if df[c].nunique() == 2]\n","numerical = [col for col in features if col not in categorical + binary]\n","df[numerical] = df[numerical].apply(pd.to_numeric,1)\n","fig = go.Figure(data=go.Heatmap(z=df[numerical].corr(),x=numerical,y=numerical))\n","fig.show()"],"metadata":{"colab":{"base_uri":"https://localhost:8080/","height":542},"id":"HsdsM2U72UpJ","executionInfo":{"status":"ok","timestamp":1678125509897,"user_tz":-60,"elapsed":16267,"user":{"displayName":"Youcef Moualek","userId":"10747212200399101970"}},"outputId":"6cbaca4c-36cf-44b5-a52a-e8637f70606e"},"execution_count":null,"outputs":[{"output_type":"display_data","data":{"text/html":["<html>\n","<head><meta charset=\"utf-8\" /></head>\n","<body>\n","    <div>            <script src=\"https://cdnjs.cloudflare.com/ajax/libs/mathjax/2.7.5/MathJax.js?config=TeX-AMS-MML_SVG\"></script><script type=\"text/javascript\">if (window.MathJax) {MathJax.Hub.Config({SVG: {font: \"STIX-Web\"}});}</script>                <script type=\"text/javascript\">window.PlotlyConfig = {MathJaxConfig: 'local'};</script>\n","        <script src=\"https://cdn.plot.ly/plotly-2.8.3.min.js\"></script>                <div id=\"f5f82eac-16eb-4cae-ab07-2319c6985075\" class=\"plotly-graph-div\" style=\"height:525px; width:100%;\"></div>            <script type=\"text/javascript\">                                    window.PLOTLYENV=window.PLOTLYENV || {};                                    if (document.getElementById(\"f5f82eac-16eb-4cae-ab07-2319c6985075\")) {                    Plotly.newPlot(                        \"f5f82eac-16eb-4cae-ab07-2319c6985075\",                        [{\"x\":[\"lead_time\",\"arrival_date_week_number\",\"stays_in_weekend_nights\",\"stays_in_week_nights\",\"adults\",\"children\",\"babies\",\"previous_cancellations\",\"previous_bookings_not_canceled\",\"adr\",\"required_car_parking_spaces\",\"total_of_special_requests\",\"Date_sin_dayofweek\",\"Date_cos_dayofweek\",\"Date_sin_dayofyear\",\"Date_cos_dayofyear\",\"reservation_status_date_sin_dayofweek\",\"reservation_status_date_cos_dayofweek\",\"reservation_status_date_sin_dayofyear\",\"reservation_status_date_cos_dayofyear\"],\"y\":[\"lead_time\",\"arrival_date_week_number\",\"stays_in_weekend_nights\",\"stays_in_week_nights\",\"adults\",\"children\",\"babies\",\"previous_cancellations\",\"previous_bookings_not_canceled\",\"adr\",\"required_car_parking_spaces\",\"total_of_special_requests\",\"Date_sin_dayofweek\",\"Date_cos_dayofweek\",\"Date_sin_dayofyear\",\"Date_cos_dayofyear\",\"reservation_status_date_sin_dayofweek\",\"reservation_status_date_cos_dayofweek\",\"reservation_status_date_sin_dayofyear\",\"reservation_status_date_cos_dayofyear\"],\"z\":[[1.0,0.1270596611947033,0.08598089283867126,0.166892358468007,0.11760074227392607,-0.037886420878054286,-0.0210061136754336,0.08602320576450616,-0.07360339067914787,-0.06506783717910188,-0.1166336622989495,-0.09592429680802615,-0.04832224518978252,-0.10415082444593336,-0.1365133738194819,-0.23990931874275087,0.05830490363971601,0.004406464144526811,-0.1046556627823164,-0.1037517228405941],[0.1270596611947033,1.0,0.01863049288883978,0.016048171056624025,0.026559205110257684,0.0055589845421204626,0.010418300676895382,0.03549437887473195,-0.021008035897282954,0.07630169803795776,0.001983270251198059,0.02619231323323753,0.0007436620787906831,0.005005403209936483,-0.8144108453772084,0.002354026175187274,0.019576807533428057,0.013042099649668275,-0.6525849831090226,-0.10117953332989371],[0.08598089283867126,0.01863049288883978,1.0,0.49417330712193513,0.09477708867204505,0.04613389562212956,0.018606340685719546,-0.012769300452410384,-0.04285981539575329,0.05065173677482901,-0.018521331090029316,0.07313943088632253,-0.2709209235896942,0.3878049693419788,-0.028804894774665267,-0.07387996191372927,0.18952519633124787,-0.04286179659733292,-0.00684573535570952,-0.07341513822066166],[0.166892358468007,0.016048171056624025,0.49417330712193513,1.0,0.09622220972183917,0.044651464887700706,0.02037297516510479,-0.013977167646691265,-0.04887365497244118,0.06682842718927051,-0.02493449588857918,0.06874493182776546,0.15663012902749376,-0.07262711623399103,-0.021369807222415264,-0.08665312536129252,-0.13406620877289907,0.05618692685711439,-0.016101797002459898,-0.055278629866571755],[0.11760074227392607,0.026559205110257684,0.09477708867204505,0.09622220972183917,1.0,0.02941593981080378,0.01789240138395505,-0.007067771640941954,-0.10885553694349827,0.22430166421333717,0.014443947164216818,0.12332384980164633,-0.08982177508764168,-0.008586837907330112,-0.03565396680058785,-0.1171733816984959,-0.004106086184406825,0.08093289521260817,-0.009551847555029738,-0.08932244617147284],[-0.037886420878054286,0.0055589845421204626,0.04613389562212956,0.044651464887700706,0.02941593981080378,1.0,0.023998794026143088,-0.02475547403869994,-0.021079146780271747,0.3250579711747352,0.05624455156829749,0.08175623441006893,-0.028354586531532017,0.02003334090333056,-0.018181246676474805,-0.06647373136102826,-0.01589462644048075,0.023231675322714276,-0.0009720746238059741,-0.06297045469144176],[-0.0210061136754336,0.010418300676895382,0.018606340685719546,0.02037297516510479,0.01789240138395505,0.023998794026143088,1.0,-0.007508848895986775,-0.0065524712187581225,0.029040683228408453,0.037388799457834215,0.09794308592236677,-0.005010305783106144,0.014051277933498776,-0.01381270079292701,-0.0060206194104647165,-0.006596338064380736,0.008062457894013567,-0.01119982129884662,-0.014497173372530375],[0.08602320576450616,0.03549437887473195,-0.012769300452410384,-0.013977167646691265,-0.007067771640941954,-0.02475547403869994,-0.007508848895986775,1.0,0.15256951621742904,-0.0659818321615082,-0.018540925909307514,-0.04848544161110022,0.026085782074533798,-0.016357455524140495,-0.05807666821324746,0.00036738080732946527,0.02426082001264048,-0.043876640547615066,0.008627903816572666,0.020837338735718077],[-0.07360339067914787,-0.021008035897282954,-0.04285981539575329,-0.04887365497244118,-0.10885553694349827,-0.021079146780271747,-0.0065524712187581225,0.15256951621742904,1.0,-0.07234244396940764,0.04750567624391812,0.03777784190731553,0.055526404717006324,0.01088307829193872,0.023330561194501998,0.02079430426142998,0.005283559244582613,-0.057226050118973075,0.0188296323833892,0.006893264579372231],[-0.06506783717910188,0.07630169803795776,0.05065173677482901,0.06682842718927051,0.22430166421333717,0.3250579711747352,0.029040683228408453,-0.0659818321615082,-0.07234244396940764,1.0,0.056500012731507974,0.17236104338283187,-0.03188706101963121,0.02089790544958406,-0.10992540224860049,-0.3950541750762669,-0.029094563745011653,0.05031853624109799,-0.04750726026440248,-0.3232060047641096],[-0.1166336622989495,0.001983270251198059,-0.018521331090029316,-0.02493449588857918,0.014443947164216818,0.05624455156829749,0.037388799457834215,-0.018540925909307514,0.04750567624391812,0.056500012731507974,1.0,0.08272644583638579,0.008310904379886245,0.013347844890867811,-0.005744673603779299,0.011149284262514977,-0.020157786577066423,0.0232575158340099,-0.01666960977795295,-0.027707991036299267],[-0.09592429680802615,0.02619231323323753,0.07313943088632253,0.06874493182776546,0.12332384980164633,0.08175623441006893,0.09794308592236677,-0.04848544161110022,0.03777784190731553,0.17236104338283187,0.08272644583638579,1.0,-0.016778450637276413,0.038962431815452364,-0.032786057543930394,-0.03891479716952816,-0.03498593899754172,0.057322746681350414,-0.05522132474815899,-0.10027012543106673],[-0.04832224518978252,0.0007436620787906831,-0.2709209235896942,0.15663012902749376,-0.08982177508764168,-0.028354586531532017,-0.005010305783106144,0.026085782074533798,0.055526404717006324,-0.03188706101963121,0.008310904379886245,-0.016778450637276413,1.0,0.00641346099239154,0.017491855276494335,-0.01839189358196822,-0.0480412425282516,-0.23428638522491635,-0.006269679780725694,-0.0027738345780088888],[-0.10415082444593336,0.005005403209936483,0.3878049693419788,-0.07262711623399103,-0.008586837907330112,0.02003334090333056,0.014051277933498776,-0.016357455524140495,0.01088307829193872,0.02089790544958406,0.013347844890867811,0.038962431815452364,0.00641346099239154,1.0,-0.012998541262278965,-0.014517063921322158,0.1101146688510241,-0.09495503555389678,0.020019723116520744,-0.05068522397016204],[-0.1365133738194819,-0.8144108453772084,-0.028804894774665267,-0.021369807222415264,-0.03565396680058785,-0.018181246676474805,-0.01381270079292701,-0.05807666821324746,0.023330561194501998,-0.10992540224860049,-0.005744673603779299,-0.032786057543930394,0.017491855276494335,-0.012998541262278965,1.0,0.01825444357190634,-0.01726346640726803,0.0030028971704788776,0.7822014226975033,0.14270933931485297],[-0.23990931874275087,0.002354026175187274,-0.07387996191372927,-0.08665312536129252,-0.1171733816984959,-0.06647373136102826,-0.0060206194104647165,0.00036738080732946527,0.02079430426142998,-0.3950541750762669,0.011149284262514977,-0.03891479716952816,-0.01839189358196822,-0.014517063921322158,0.01825444357190634,1.0,0.011164553979235546,0.009923948573146452,-0.052036551604109346,0.73714808529559],[0.05830490363971601,0.019576807533428057,0.18952519633124787,-0.13406620877289907,-0.004106086184406825,-0.01589462644048075,-0.006596338064380736,0.02426082001264048,0.005283559244582613,-0.029094563745011653,-0.020157786577066423,-0.03498593899754172,-0.0480412425282516,0.1101146688510241,-0.01726346640726803,0.011164553979235546,1.0,0.02681315965143386,-0.005930577753385446,0.022769262775059716],[0.004406464144526811,0.013042099649668275,-0.04286179659733292,0.05618692685711439,0.08093289521260817,0.023231675322714276,0.008062457894013567,-0.043876640547615066,-0.057226050118973075,0.05031853624109799,0.0232575158340099,0.057322746681350414,-0.23428638522491635,-0.09495503555389678,0.0030028971704788776,0.009923948573146452,0.02681315965143386,1.0,0.02577062701255927,-0.025227232712067785],[-0.1046556627823164,-0.6525849831090226,-0.00684573535570952,-0.016101797002459898,-0.009551847555029738,-0.0009720746238059741,-0.01119982129884662,0.008627903816572666,0.0188296323833892,-0.04750726026440248,-0.01666960977795295,-0.05522132474815899,-0.006269679780725694,0.020019723116520744,0.7822014226975033,-0.052036551604109346,-0.005930577753385446,0.02577062701255927,1.0,0.03277208907058678],[-0.1037517228405941,-0.10117953332989371,-0.07341513822066166,-0.055278629866571755,-0.08932244617147284,-0.06297045469144176,-0.014497173372530375,0.020837338735718077,0.006893264579372231,-0.3232060047641096,-0.027707991036299267,-0.10027012543106673,-0.0027738345780088888,-0.05068522397016204,0.14270933931485297,0.73714808529559,0.022769262775059716,-0.025227232712067785,0.03277208907058678,1.0]],\"type\":\"heatmap\"}],                        {\"template\":{\"data\":{\"bar\":[{\"error_x\":{\"color\":\"#2a3f5f\"},\"error_y\":{\"color\":\"#2a3f5f\"},\"marker\":{\"line\":{\"color\":\"#E5ECF6\",\"width\":0.5},\"pattern\":{\"fillmode\":\"overlay\",\"size\":10,\"solidity\":0.2}},\"type\":\"bar\"}],\"barpolar\":[{\"marker\":{\"line\":{\"color\":\"#E5ECF6\",\"width\":0.5},\"pattern\":{\"fillmode\":\"overlay\",\"size\":10,\"solidity\":0.2}},\"type\":\"barpolar\"}],\"carpet\":[{\"aaxis\":{\"endlinecolor\":\"#2a3f5f\",\"gridcolor\":\"white\",\"linecolor\":\"white\",\"minorgridcolor\":\"white\",\"startlinecolor\":\"#2a3f5f\"},\"baxis\":{\"endlinecolor\":\"#2a3f5f\",\"gridcolor\":\"white\",\"linecolor\":\"white\",\"minorgridcolor\":\"white\",\"startlinecolor\":\"#2a3f5f\"},\"type\":\"carpet\"}],\"choropleth\":[{\"colorbar\":{\"outlinewidth\":0,\"ticks\":\"\"},\"type\":\"choropleth\"}],\"contour\":[{\"colorbar\":{\"outlinewidth\":0,\"ticks\":\"\"},\"colorscale\":[[0.0,\"#0d0887\"],[0.1111111111111111,\"#46039f\"],[0.2222222222222222,\"#7201a8\"],[0.3333333333333333,\"#9c179e\"],[0.4444444444444444,\"#bd3786\"],[0.5555555555555556,\"#d8576b\"],[0.6666666666666666,\"#ed7953\"],[0.7777777777777778,\"#fb9f3a\"],[0.8888888888888888,\"#fdca26\"],[1.0,\"#f0f921\"]],\"type\":\"contour\"}],\"contourcarpet\":[{\"colorbar\":{\"outlinewidth\":0,\"ticks\":\"\"},\"type\":\"contourcarpet\"}],\"heatmap\":[{\"colorbar\":{\"outlinewidth\":0,\"ticks\":\"\"},\"colorscale\":[[0.0,\"#0d0887\"],[0.1111111111111111,\"#46039f\"],[0.2222222222222222,\"#7201a8\"],[0.3333333333333333,\"#9c179e\"],[0.4444444444444444,\"#bd3786\"],[0.5555555555555556,\"#d8576b\"],[0.6666666666666666,\"#ed7953\"],[0.7777777777777778,\"#fb9f3a\"],[0.8888888888888888,\"#fdca26\"],[1.0,\"#f0f921\"]],\"type\":\"heatmap\"}],\"heatmapgl\":[{\"colorbar\":{\"outlinewidth\":0,\"ticks\":\"\"},\"colorscale\":[[0.0,\"#0d0887\"],[0.1111111111111111,\"#46039f\"],[0.2222222222222222,\"#7201a8\"],[0.3333333333333333,\"#9c179e\"],[0.4444444444444444,\"#bd3786\"],[0.5555555555555556,\"#d8576b\"],[0.6666666666666666,\"#ed7953\"],[0.7777777777777778,\"#fb9f3a\"],[0.8888888888888888,\"#fdca26\"],[1.0,\"#f0f921\"]],\"type\":\"heatmapgl\"}],\"histogram\":[{\"marker\":{\"pattern\":{\"fillmode\":\"overlay\",\"size\":10,\"solidity\":0.2}},\"type\":\"histogram\"}],\"histogram2d\":[{\"colorbar\":{\"outlinewidth\":0,\"ticks\":\"\"},\"colorscale\":[[0.0,\"#0d0887\"],[0.1111111111111111,\"#46039f\"],[0.2222222222222222,\"#7201a8\"],[0.3333333333333333,\"#9c179e\"],[0.4444444444444444,\"#bd3786\"],[0.5555555555555556,\"#d8576b\"],[0.6666666666666666,\"#ed7953\"],[0.7777777777777778,\"#fb9f3a\"],[0.8888888888888888,\"#fdca26\"],[1.0,\"#f0f921\"]],\"type\":\"histogram2d\"}],\"histogram2dcontour\":[{\"colorbar\":{\"outlinewidth\":0,\"ticks\":\"\"},\"colorscale\":[[0.0,\"#0d0887\"],[0.1111111111111111,\"#46039f\"],[0.2222222222222222,\"#7201a8\"],[0.3333333333333333,\"#9c179e\"],[0.4444444444444444,\"#bd3786\"],[0.5555555555555556,\"#d8576b\"],[0.6666666666666666,\"#ed7953\"],[0.7777777777777778,\"#fb9f3a\"],[0.8888888888888888,\"#fdca26\"],[1.0,\"#f0f921\"]],\"type\":\"histogram2dcontour\"}],\"mesh3d\":[{\"colorbar\":{\"outlinewidth\":0,\"ticks\":\"\"},\"type\":\"mesh3d\"}],\"parcoords\":[{\"line\":{\"colorbar\":{\"outlinewidth\":0,\"ticks\":\"\"}},\"type\":\"parcoords\"}],\"pie\":[{\"automargin\":true,\"type\":\"pie\"}],\"scatter\":[{\"marker\":{\"colorbar\":{\"outlinewidth\":0,\"ticks\":\"\"}},\"type\":\"scatter\"}],\"scatter3d\":[{\"line\":{\"colorbar\":{\"outlinewidth\":0,\"ticks\":\"\"}},\"marker\":{\"colorbar\":{\"outlinewidth\":0,\"ticks\":\"\"}},\"type\":\"scatter3d\"}],\"scattercarpet\":[{\"marker\":{\"colorbar\":{\"outlinewidth\":0,\"ticks\":\"\"}},\"type\":\"scattercarpet\"}],\"scattergeo\":[{\"marker\":{\"colorbar\":{\"outlinewidth\":0,\"ticks\":\"\"}},\"type\":\"scattergeo\"}],\"scattergl\":[{\"marker\":{\"colorbar\":{\"outlinewidth\":0,\"ticks\":\"\"}},\"type\":\"scattergl\"}],\"scattermapbox\":[{\"marker\":{\"colorbar\":{\"outlinewidth\":0,\"ticks\":\"\"}},\"type\":\"scattermapbox\"}],\"scatterpolar\":[{\"marker\":{\"colorbar\":{\"outlinewidth\":0,\"ticks\":\"\"}},\"type\":\"scatterpolar\"}],\"scatterpolargl\":[{\"marker\":{\"colorbar\":{\"outlinewidth\":0,\"ticks\":\"\"}},\"type\":\"scatterpolargl\"}],\"scatterternary\":[{\"marker\":{\"colorbar\":{\"outlinewidth\":0,\"ticks\":\"\"}},\"type\":\"scatterternary\"}],\"surface\":[{\"colorbar\":{\"outlinewidth\":0,\"ticks\":\"\"},\"colorscale\":[[0.0,\"#0d0887\"],[0.1111111111111111,\"#46039f\"],[0.2222222222222222,\"#7201a8\"],[0.3333333333333333,\"#9c179e\"],[0.4444444444444444,\"#bd3786\"],[0.5555555555555556,\"#d8576b\"],[0.6666666666666666,\"#ed7953\"],[0.7777777777777778,\"#fb9f3a\"],[0.8888888888888888,\"#fdca26\"],[1.0,\"#f0f921\"]],\"type\":\"surface\"}],\"table\":[{\"cells\":{\"fill\":{\"color\":\"#EBF0F8\"},\"line\":{\"color\":\"white\"}},\"header\":{\"fill\":{\"color\":\"#C8D4E3\"},\"line\":{\"color\":\"white\"}},\"type\":\"table\"}]},\"layout\":{\"annotationdefaults\":{\"arrowcolor\":\"#2a3f5f\",\"arrowhead\":0,\"arrowwidth\":1},\"autotypenumbers\":\"strict\",\"coloraxis\":{\"colorbar\":{\"outlinewidth\":0,\"ticks\":\"\"}},\"colorscale\":{\"diverging\":[[0,\"#8e0152\"],[0.1,\"#c51b7d\"],[0.2,\"#de77ae\"],[0.3,\"#f1b6da\"],[0.4,\"#fde0ef\"],[0.5,\"#f7f7f7\"],[0.6,\"#e6f5d0\"],[0.7,\"#b8e186\"],[0.8,\"#7fbc41\"],[0.9,\"#4d9221\"],[1,\"#276419\"]],\"sequential\":[[0.0,\"#0d0887\"],[0.1111111111111111,\"#46039f\"],[0.2222222222222222,\"#7201a8\"],[0.3333333333333333,\"#9c179e\"],[0.4444444444444444,\"#bd3786\"],[0.5555555555555556,\"#d8576b\"],[0.6666666666666666,\"#ed7953\"],[0.7777777777777778,\"#fb9f3a\"],[0.8888888888888888,\"#fdca26\"],[1.0,\"#f0f921\"]],\"sequentialminus\":[[0.0,\"#0d0887\"],[0.1111111111111111,\"#46039f\"],[0.2222222222222222,\"#7201a8\"],[0.3333333333333333,\"#9c179e\"],[0.4444444444444444,\"#bd3786\"],[0.5555555555555556,\"#d8576b\"],[0.6666666666666666,\"#ed7953\"],[0.7777777777777778,\"#fb9f3a\"],[0.8888888888888888,\"#fdca26\"],[1.0,\"#f0f921\"]]},\"colorway\":[\"#636efa\",\"#EF553B\",\"#00cc96\",\"#ab63fa\",\"#FFA15A\",\"#19d3f3\",\"#FF6692\",\"#B6E880\",\"#FF97FF\",\"#FECB52\"],\"font\":{\"color\":\"#2a3f5f\"},\"geo\":{\"bgcolor\":\"white\",\"lakecolor\":\"white\",\"landcolor\":\"#E5ECF6\",\"showlakes\":true,\"showland\":true,\"subunitcolor\":\"white\"},\"hoverlabel\":{\"align\":\"left\"},\"hovermode\":\"closest\",\"mapbox\":{\"style\":\"light\"},\"paper_bgcolor\":\"white\",\"plot_bgcolor\":\"#E5ECF6\",\"polar\":{\"angularaxis\":{\"gridcolor\":\"white\",\"linecolor\":\"white\",\"ticks\":\"\"},\"bgcolor\":\"#E5ECF6\",\"radialaxis\":{\"gridcolor\":\"white\",\"linecolor\":\"white\",\"ticks\":\"\"}},\"scene\":{\"xaxis\":{\"backgroundcolor\":\"#E5ECF6\",\"gridcolor\":\"white\",\"gridwidth\":2,\"linecolor\":\"white\",\"showbackground\":true,\"ticks\":\"\",\"zerolinecolor\":